#entries are as follows:
#<group name> <# atoms in group> [ideal frame: 9x orientation + 3x position]
# <x> <y> <z> <atom name>
#
Adenine 11 1.0 0.0 0.0 0.0 1.0 0.0 0.0 0.0 1.0 0.000 0.000 0.000
-2.497963270852318 5.389504179143331 -5.551115123125783e-17 C1'
-1.286577654496827 4.522557013344271 -5.551115123125783e-17 N9
0.041448512680411 4.886554049508940 0.001998788600148 C8
0.862626669580093 3.883338036610646 0.001331109569129 N7
0.033335728421553 2.771051874622240 4.886954884535666e-04 C5
0.298311935152744 1.392142742959572 2.291118707407475e-04 C6
1.610999331226802 0.929985147423594 0 N6
-0.758766225646914 0.558232846858952 -0.001302764712450 N1
-1.985886075239647 1.077036918897750 -0.001839114848758 C2
-2.353923620065637 2.338772962882393 -0.001796589074074 N3
-1.277547971696661 3.152750831970960 -4.163336342344337e-17 C4
#
Thymine 10 1.0 0.0 0.0 0.0 1.0 0.0 0.0 0.0 1.0 0.000 0.000 0.000
-2.49797385251954 5.38951175207988 -8.32667268468867e-17 C1'
-1.28657765449683 4.52255701334427 -9.71445146547012e-17 N1
-0.0308318929617097 5.06966398538589 0.00106227587351299 C6
1.06705884597297 4.29544362667478 0.00182968625221110 C5
2.46409441406427 4.97805677636900 0.00100000000000000 C7
0.954415605430206 2.85551051188829 0.00131997916448753 C4
1.93792690492813 2.13682539678559 0 O4
-1.49052504046889 3.16358559151261 -1.38777878078145e-16 C2
-2.56735108282079 2.63243335990271 0 O2
-0.345449648812713 2.39168814612310 0.00125651287566437 N3
#
Guanine 12 1.0 0.0 0.0 0.0 1.0 0.0 0.0 0.0 1.0 0.000 0.000 0.000
-1.28657765449683 4.52255701334427 -6.93889390390723e-17 N9
0.0426423566174657 4.88330289243608 0.00130968377641127 C8
0.871086535669193 3.86785583503164 0.00131167498235545 N7
0.0311247947646614 2.75498381388369 0.000526268903276811 C5
0.347544708728062 1.37173063868634 0.000999083717970736 C6
1.55199075361480 0.923057827003115 0 O6
-0.811580042335409 0.582460960590514 -0.000109613967279027 N1
-2.10468805144495 1.06601640189687 4.02518859410478e-05 C2
-2.95201095238939 0.112605094074547 -0.00100000000000000 N2
-2.39995031196363 2.36417953688744 -0.000724381917298830 N3
-1.28738844874338 3.14401190725862 -6.93889390390723e-17 C4
-2.49796842535900 5.38950786804709 -1.11022302462516e-16 C1'
#
Cytosine 9 1.0 0.0 0.0 0.0 1.0 0.0 0.0 0.0 1.0 0.000 0.000 0.000
-1.28657765449683 4.52255701334427 2.77555756156289e-17 N1
-1.47665054038848 3.14316712685502 0 C2
-2.62254356529968 2.68442396996229 0.00100000000000000 O2
-0.385057702897589 2.33540381348435 0.000345992810207529 N3
0.848496113805832 2.85477978961241 0.00158616112557461 C4
1.88303685950519 2.01968489662960 0.00100000000000000 N4
1.06531043633039 4.27112225105204 0.00155664258340361 C5
-0.0382837938843514 5.06162143324159 0.00103501592415939 C6
-2.49796842535900 5.38950786804710 -5.55111512312578e-17 C1'
#
Phosphate 5 1.0 0.0 0.0 0.0 1.0 0.0 0.0 0.0 1.0 0.000 0.000 0.000 
0.000 0.000 0.000 P
-0.000 -0.9296 -1.3145 O3'
0.000 -0.9302 1.3149 O5'
-1.2082 0.8543 0.0003 OP1
1.2083 0.8547 0.000 OP2
