#entries are as follows:
#<group name> <# atoms in group> [ideal frame: 9x orientation + 3x position]
# <x> <y> <z> <atom name>
#
Adenine 11 1.0 0.0 0.0 0.0 1.0 0.0 0.0 0.0 1.0 0.000 0.000 0.000
-2.479 5.346 0.000 C1'
-1.291 4.498 0.000 N9
0.024 4.897 0.000 C8
0.877 3.902 0.000 N7
0.071 2.771 0.000 C5
0.369 1.398 0.000 C6
1.611 0.909 0.000 N6
-0.668 0.532 0.000 N1
-1.912 1.023 0.000 C2
-2.320 2.290 0.000 N3
-1.267 3.124 0.000 C4
#
Uracil 9 1.0 0.0 0.0 0.0 1.0 0.0 0.0 0.0 1.0 0.000 0.000 0.000
-2.481 5.354 0.000 C1'
-1.284 4.500 0.000 N1
-0.024 5.053 0.000 C6
1.089 4.311 0.000 C5
0.989 2.884 0.000 C4
1.935 2.094 -0.001 O4
-1.462 3.131 0.000 C2
-2.563 2.608 0.000 O2
-0.302 2.397 0.000 N3
#
Thymine 10 1.0 0.0 0.0 0.0 1.0 0.0 0.0 0.0 1.0 0.000 0.000 0.000
-2.481 5.354 0.000 C1'
-1.284 4.500 0.000 N1
-0.024 5.057 0.000 C6
1.106 4.338 0.000 C5
2.466 4.961 0.001 C7
0.994 2.897 0.000 C4
1.944 2.119 0.000 O4
-1.462 3.135 0.000 C2
-2.562 2.608 0.000 O2
-0.298 2.407 0.000 N3
#
Guanine 12 1.0 0.0 0.0 0.0 1.0 0.0 0.0 0.0 1.0 0.000 0.000 0.000
-1.289 4.551 0.000 N9
0.023 4.962 0.000 C8
0.870 3.969 0.000 N7
0.071 2.883 0.000 C5
0.424 1.460 0.000 C6
1.554 0.955 0.000 O6
-0.700 0.641 0.000 N1
-1.999 1.087 0.000 C2
-2.949 0.139 -0.001 N2
-2.342 2.364 0.000 N3
-1.265 3.177 0.000 C4
-2.477 5.399 0.000 C1'
#
Cytosine 9 1.0 0.0 0.0 0.0 1.0 0.0 0.0 0.0 1.0 0.000 0.000 0.000
-1.285 4.542 0.000 N1
-1.471 3.158 0.000 C2
-2.628 2.709 0.001 O2
-0.391 2.344 0.000 N3
0.837 2.868 0.000 C4
1.875 2.027 0.000 N4
1.056 4.275 0.000 C5
-0.023 5.068 0.000 C6
-2.477 5.402 0.000 C1'
#
Phosphate 5 1.0 0.0 0.0 0.0 1.0 0.0 0.0 0.0 1.0 0.000 0.000 0.000 
0.000 0.000 0.000 P
-1.2082 0.8543 0.0003 OP1
1.2083 0.8547 0.000 OP2
0.000 -0.9302 1.3149 O5'
0.000 -0.9296 -1.3145 O3'
